1.841163351497581813e+00 2.950082617794047124e+00
1.007395566066872750e+00 5.707087781241782842e+00
2.883403035167434680e+00 2.848749397613212331e+00
1.954116750459319984e+00 4.459150520889967773e+00
1.163704049445506428e+00 4.386547021857301054e+00
-1.091459530709434134e+00 4.130974560807676887e+00
9.801586439869602874e-01 2.409425718614199852e+00
6.498435591960906033e-01 3.197080550959741529e+00
1.958492731606287229e+00 2.239797294585385234e+00
1.234049644729501516e+00 2.905127960896590533e+00
3.569575696652540486e-01 2.851416529405354616e+00
7.247697964107657764e-01 3.907379883483771188e+00
-2.008310651882825315e-01 3.360840535807531282e+00
3.495078157237222483e-01 4.929552043259151972e+00
-9.074300789290206115e-01 3.970754079437845085e+00
8.501481843809827188e-01 3.324436909155356723e+00
3.962491466542557572e-01 4.782344677043022685e+00
1.240046209079773476e+00 4.322957298446646668e+00
6.607946946445653058e-01 4.534452861089629749e+00
-1.242532915630276902e+00 4.423877014340658498e+00
1.488834471835273288e+00 3.383016394925289383e+00
1.501249721703307172e+00 4.080745943189221236e+00
6.134612173813305258e-01 2.460693471633937257e+00
-1.085932247857216204e+00 3.375006803635591801e+00
6.206402371868229295e-01 3.491736263453972366e+00
-5.408653636470457382e-01 4.272448112169185741e+00
1.756378400892356639e+00 2.746838609664401076e+00
-1.922224591819007733e+00 4.507745542507075598e+00
-2.272121488149749791e-01 4.164823708289129733e+00
6.256124665110918137e-01 2.283003866063359144e+00
4.770349381665099919e+00 4.373673269599499314e+00
4.656782527940273475e+00 5.313509177074997147e+00
4.713075065610039083e+00 5.064310378160456594e+00
4.782321224848720576e+00 5.271239649719706932e+00
4.192751436248303598e+00 3.718776039502040831e+00
5.038756864533042723e+00 4.024217091027863624e+00
5.461075470801258547e+00 4.541191824604399407e+00
5.138187578119283394e+00 4.268106943814000687e+00
4.599827598598251299e+00 5.336285227937348274e+00
4.559374518142488952e+00 4.249368306810233697e+00
5.222911741149076192e+00 5.249298560037590100e+00
5.772701319950011012e+00 4.500476865822474082e+00
3.682318015200846339e+00 3.782207672409899413e+00
4.213392260375558251e+00 5.426445641307618750e+00
4.971306947142870136e+00 5.303141818181799749e+00
5.172816662091217488e+00 5.315358684553612711e+00
4.212263784498018637e+00 5.088076204153190396e+00
4.157673779685622684e+00 4.997506065552041576e+00
3.724953666231026972e+00 5.360372303012067796e+00
4.648488255592616802e+00 6.367188937483073019e+00
4.052510254719751792e+00 4.634237859785095281e+00
3.981116671248186911e+00 5.849586097103744109e+00
4.246138427040950347e+00 4.709404712500238510e+00
5.573167752754478066e+00 5.399441533368026569e+00
3.773874802599429312e+00 4.400075479236138953e+00
4.722795066868047620e+00 4.538034519780888232e+00
3.735073249176526389e+00 4.074225188250403917e+00
3.998132030532121739e+00 4.859943829313212227e+00
4.867755335586168464e+00 5.143882260805099804e+00
4.058955828310270242e+00 4.137980673867414083e+00
4.108449022400241013e+00 1.190124883839675629e+00
2.790536146428385322e+00 1.729397211992656835e+00
3.926342183680268771e+00 4.253059791227942199e-02
5.148158703168105532e+00 9.307905800373748040e-01
3.070639884191808555e+00 1.640641003074797100e+00
4.557944687060116351e+00 1.739621475812918483e+00
3.711085401851124566e+00 1.998245175428051468e+00
4.331114565741744471e+00 1.004263624393815446e+00
3.812162022452598276e+00 1.412592810505921781e+00
4.829969633472543933e+00 3.563692582396086328e-01
3.940024263846442665e+00 8.024401576654418555e-01
3.652530108390498853e+00 8.383447366511715959e-01
2.960288746307862873e+00 5.863174237996104932e-01
4.294355837358519778e+00 1.502437024030529589e+00
3.394222835471722988e+00 6.711594398751437041e-01
5.054942398147199256e+00 9.079475660908877810e-01
4.369742584894489745e+00 1.243507904173858369e+00
3.984837767417249932e+00 2.617488194626736986e-01
3.339142558740562983e+00 1.473733034555078314e+00
4.024744744826831422e+00 7.826063041293389588e-01
3.700179536132109703e+00 1.634862972401750048e+00
4.214724056312427081e+00 1.782712696082926040e+00
3.592146347726306033e+00 1.111600993994845021e+00
4.610117139382737150e+00 1.364426861633289967e+00
3.541351790580084646e+00 1.537450840607956559e+00
4.336225831605343473e+00 1.813550128695924357e+00
4.154408757681320452e+00 1.056741905294718897e+00
4.189619452887388462e+00 5.346262163132067258e-01
4.340434765322718214e+00 7.324893428355605529e-01
4.525621564371656191e+00 1.410177391342482878e+00
